line
150 172 291 172 250 291
line
150 172 291 172 108 250
line
150 172 291 227 150 291
line
108 150 227 150 172 291
line
108 227 250 150 172 291
line
150 227 108 172 150 108
line
150 227 108 172 291 150
line
150 227 108 227 250 108
line
108 250 172 150 227 108
line
108 172 150 150 227 108
line
108 172 150 150 108 172
line
150 108 172 172 150 108
line
150 108 172 172 108 250
line
150 108 172 227 108 150
line
108 150 227 150 108 172
line
108 227 250 150 291 227
line
150 291 227 172 250 291
line
150 291 227 172 291 150
line
150 291 227 227 291 250
line
108 250 172 150 291 227
line
172 150 108 250 172 108
line
227 250 108 250 172 108
line
227 108 150 250 172 108
line
250 172 108 291 150 172
line
250 172 108 291 227 150
line
172 250 291 250 227 291
line
227 150 291 250 227 291
line
227 291 250 250 227 291
line
250 227 291 291 250 227
line
250 227 291 291 172 250
line
250 108 227 291 172 250
line
172 108 250 250 108 227
line
227 150 291 250 108 227
line
227 108 150 250 108 227
line
250 108 227 291 150 172
line
250 291 172 291 227 150
line
172 291 150 250 291 172
line
227 250 108 250 291 172
line
227 291 250 250 291 172
line
250 291 172 291 250 227
line
172 150 108 227 108 150
line
108 172 150 172 150 108
line
172 250 291 227 291 250
line
108 227 250 172 250 291
line
108 150 227 172 108 250
line
172 108 250 227 150 291
line
108 250 172 172 291 150
line
172 291 150 227 250 108
line
227 150 291 291 172 250
line
227 250 108 291 227 150
line
227 108 150 291 150 172
line
227 291 250 291 250 227
line
108 150 227 108 172 150
line
108 150 227 108 227 250
line
108 172 150 108 250 172
line
108 227 250 108 250 172
line
291 150 172 291 172 250
line
291 150 172 291 227 150
line
291 172 250 291 250 227
line
291 227 150 291 250 227
ident
scale
1.8 1.8 1.8
apply
ident
rotate
z 45
rotate
x 45
rotate
y 45
apply
ident
move
-180 140 -80
apply
display
save
pic.png
